0 0.568548 0.517068 0.201613 0.283133
0 0.393817 0.322289 0.185484 0.287149
0 0.182796 0.573293 0.215054 0.287149
1 0.081989 0.419679 0.161290 0.297189
1 0.179435 0.119478 0.173387 0.130522
1 0.071909 0.796185 0.141129 0.259036
0 0.391801 0.830321 0.170699 0.251004
0 0.505376 0.792169 0.163978 0.263052
0 0.825941 0.885542 0.245968 0.216867
0 0.872312 0.579317 0.188172 0.279116
0 0.727151 0.322289 0.239247 0.315261
1 0.874328 0.146586 0.186828 0.176707
1 0.542339 0.115462 0.176075 0.122490
1 0.210349 0.953815 0.173387 0.084337
1 0.531586 0.957831 0.192204 0.072289
