0 0.356855 0.291165 0.184140 0.289157
0 0.534274 0.500000 0.219086 0.357430
0 0.691532 0.279116 0.240591 0.297189
0 0.841398 0.543173 0.193548 0.299197
1 0.793011 0.870482 0.247312 0.255020
0 0.364247 0.795181 0.204301 0.289157
0 0.149866 0.534137 0.227151 0.305221
0 0.073253 0.430723 0.135753 0.403614
1 0.061156 0.767068 0.119624 0.265060
1 0.172715 0.935743 0.184140 0.120482
1 0.156586 0.112450 0.154570 0.112450
1 0.965054 0.238956 0.067204 0.273092
1 0.959005 0.786145 0.073925 0.246988
1 0.489919 0.940763 0.189516 0.110442
1 0.838710 0.129518 0.193548 0.150602
1 0.493280 0.102410 0.139785 0.096386
