0 0.413978 0.571285 0.239247 0.319277
0 0.538306 0.221888 0.224462 0.327309
0 0.881048 0.349398 0.205645 0.337349
0 0.728495 0.590361 0.204301 0.337349
0 0.582661 0.771084 0.197581 0.273092
0 0.172043 0.816265 0.206989 0.291165
0 0.094086 0.677711 0.169355 0.283133
0 0.194892 0.267068 0.182796 0.281124
0 0.890457 0.823293 0.197581 0.273092
1 0.384409 0.109438 0.177419 0.106426
1 0.079301 0.118474 0.153226 0.124498
1 0.755376 0.106426 0.182796 0.100402
1 0.075269 0.951807 0.145161 0.092369
1 0.389113 0.966867 0.149194 0.058233
