0 0.535690 0.448572 0.298905 0.446557
0 0.858871 0.551205 0.190860 0.319277
0 0.692876 0.322289 0.219086 0.359438
0 0.852151 0.143574 0.231183 0.174699
0 0.371640 0.322289 0.192204 0.251004
0 0.153226 0.565261 0.204301 0.343373
0 0.065860 0.800201 0.120968 0.267068
0 0.079301 0.428715 0.145161 0.267068
0 0.143817 0.113454 0.158602 0.110442
0 0.379032 0.809237 0.180108 0.289157
0 0.210349 0.953815 0.173387 0.080321
0 0.527554 0.953815 0.213710 0.084337
0 0.806452 0.867470 0.236559 0.240964
0 0.965726 0.827309 0.065860 0.265060
0 0.967742 0.254016 0.059140 0.267068
