0 0.511468 0.424612 0.323304 0.483008
0 0.367608 0.800201 0.200269 0.315261
0 0.853495 0.558233 0.177419 0.317269
0 0.803091 0.877510 0.256720 0.240964
0 0.154570 0.538153 0.196237 0.313253
0 0.072581 0.430723 0.139785 0.283133
0 0.188844 0.949799 0.181452 0.088353
0 0.065188 0.766064 0.122312 0.283133
0 0.158602 0.110442 0.158602 0.108434
0 0.360215 0.291165 0.190860 0.281124
0 0.710349 0.289157 0.194892 0.337349
0 0.842070 0.129518 0.219086 0.134538
0 0.971102 0.257028 0.049731 0.261044
0 0.528226 0.093373 0.153226 0.074297
0 0.520161 0.957831 0.196237 0.072289
