0 0.561896 0.499249 0.274683 0.410370
0 0.372312 0.302209 0.198925 0.279116
0 0.705645 0.302209 0.196237 0.307229
0 0.859543 0.558233 0.178763 0.301205
0 0.803763 0.872490 0.223118 0.238956
0 0.528898 0.952811 0.192204 0.082329
0 0.378360 0.810241 0.200269 0.283133
0 0.194220 0.951807 0.170699 0.084337
0 0.154570 0.558233 0.190860 0.301205
0 0.083333 0.425703 0.153226 0.257028
0 0.065860 0.786145 0.123656 0.271084
0 0.147849 0.109438 0.150538 0.102410
0 0.852823 0.140562 0.197581 0.156627
0 0.972446 0.243976 0.049731 0.255020
