0 0.471115 0.581351 0.307971 0.460101
0 0.854167 0.551205 0.192204 0.311245
0 0.703629 0.306225 0.232527 0.323293
0 0.857527 0.140562 0.201613 0.160643
0 0.978495 0.247992 0.037634 0.275100
0 0.962366 0.809237 0.064516 0.236948
0 0.799731 0.876506 0.228495 0.242972
0 0.378360 0.817269 0.200269 0.285141
0 0.517473 0.949799 0.196237 0.092369
0 0.188172 0.939759 0.188172 0.116466
0 0.158602 0.567269 0.220430 0.303213
0 0.081317 0.409639 0.157258 0.301205
0 0.156586 0.119478 0.157258 0.122490
0 0.378360 0.301205 0.184140 0.289157
0 0.070565 0.770080 0.138441 0.259036
