0 0.527505 0.460904 0.334751 0.500111
0 0.368952 0.294177 0.205645 0.319277
0 0.856855 0.555221 0.197581 0.275100
0 0.700269 0.295181 0.258065 0.293173
0 0.844086 0.151606 0.182796 0.174699
0 0.511425 0.102410 0.159946 0.080321
0 0.170699 0.115462 0.147849 0.114458
0 0.078629 0.400602 0.143817 0.303213
0 0.173387 0.552209 0.206989 0.301205
0 0.075941 0.770080 0.143817 0.275100
0 0.175403 0.936747 0.149194 0.118474
0 0.382392 0.821285 0.194892 0.277108
0 0.508065 0.940763 0.190860 0.110442
0 0.779570 0.877510 0.190860 0.240964
0 0.959677 0.781124 0.072581 0.196787
