0 0.153226 0.319277 0.193548 0.297189
0 0.061156 0.111446 0.122312 0.222892
0 0.356183 0.114458 0.193548 0.228916
0 0.505376 0.265060 0.193548 0.297189
0 0.701613 0.095382 0.193548 0.190763
0 0.521505 0.051205 0.193548 0.102410
0 0.844086 0.379518 0.193548 0.297189
0 0.969758 0.572289 0.060484 0.297189
0 0.854839 0.861446 0.193548 0.277108
0 0.705645 0.616466 0.193548 0.297189
0 0.540323 0.815261 0.193548 0.297189
0 0.376344 0.620482 0.193548 0.297189
0 0.067204 0.724900 0.134409 0.297189
0 0.146505 0.855422 0.193548 0.289157
