0 0.425403 0.293173 0.159946 0.216867
0 0.758065 0.426707 0.161290 0.234940
0 0.944892 0.600402 0.104839 0.216867
0 0.897177 0.651606 0.143817 0.230924
0 0.949597 0.125502 0.095430 0.138554
0 0.644489 0.112450 0.176075 0.116466
0 0.290995 0.147590 0.149194 0.186747
0 0.091398 0.368474 0.150538 0.218876
0 0.296371 0.674699 0.146505 0.232932
0 0.446909 0.835341 0.162634 0.216867
0 0.616935 0.654618 0.139785 0.228916
0 0.770161 0.882530 0.172043 0.202811
0 0.071909 0.880522 0.138441 0.214859
0 0.020161 0.748996 0.040323 0.172691
0 0.427419 0.097390 0.088710 0.086345
