0 0.476478 0.445783 0.186828 0.281124
0 0.625672 0.259036 0.165323 0.253012
0 0.332661 0.285141 0.151882 0.224900
0 0.092742 0.495984 0.163978 0.224900
0 0.339382 0.779116 0.151882 0.240964
0 0.726478 0.823293 0.157258 0.204819
0 0.817876 0.504016 0.170699 0.236948
0 0.959677 0.230924 0.077957 0.240964
0 0.947581 0.778112 0.099462 0.230924
0 0.858199 0.904618 0.149194 0.174699
0 0.459005 0.941767 0.133065 0.112450
0 0.131720 0.936747 0.123656 0.118474
0 0.036962 0.398594 0.073925 0.226908
0 0.026882 0.732932 0.053763 0.192771
0 0.794355 0.108434 0.110215 0.108434
0 0.678091 0.956827 0.092742 0.078313
