0 0.653898 0.527108 0.194892 0.271084
0 0.573925 0.846386 0.180108 0.202811
0 0.629704 0.935743 0.165323 0.120482
0 0.164651 0.781124 0.176075 0.248996
0 0.307796 0.934739 0.180108 0.118474
0 0.342070 0.432731 0.189516 0.279116
0 0.176075 0.272088 0.174731 0.263052
0 0.485887 0.237952 0.211022 0.291165
0 0.826613 0.206827 0.172043 0.269076
0 0.843414 0.430723 0.184140 0.279116
0 0.937500 0.470884 0.122312 0.259036
0 0.834677 0.743976 0.185484 0.279116
0 0.038978 0.945783 0.077957 0.100402
0 0.029570 0.519076 0.059140 0.198795
0 0.634409 0.120482 0.185484 0.128514
