0 0.566532 0.398594 0.194892 0.303213
0 0.665323 0.411647 0.193548 0.337349
0 0.844758 0.146586 0.211022 0.180723
0 0.949597 0.494980 0.092742 0.299197
0 0.836022 0.601406 0.163978 0.287149
0 0.936828 0.846386 0.120968 0.275100
0 0.649866 0.886546 0.173387 0.210843
0 0.477823 0.644578 0.200269 0.305221
0 0.177419 0.642570 0.185484 0.257028
0 0.342070 0.820281 0.184140 0.242972
0 0.309812 0.313253 0.202957 0.289157
0 0.513441 0.132530 0.209677 0.152610
0 0.161290 0.146586 0.163978 0.172691
0 0.032930 0.368474 0.065860 0.242972
0 0.032930 0.895582 0.065860 0.200803
