0 0.366263 0.804217 0.197581 0.271084
0 0.358199 0.288153 0.186828 0.287149
0 0.553763 0.518072 0.177419 0.265060
0 0.453629 0.414659 0.173387 0.279116
0 0.693548 0.294177 0.233871 0.299197
0 0.841398 0.546185 0.188172 0.269076
0 0.770161 0.867470 0.185484 0.232932
0 0.147849 0.539157 0.212366 0.303213
0 0.065860 0.382530 0.126344 0.283133
0 0.838038 0.131526 0.176075 0.146586
0 0.059140 0.756024 0.118280 0.259036
0 0.166667 0.943775 0.172043 0.108434
0 0.144489 0.114458 0.162634 0.120482
0 0.502016 0.942771 0.202957 0.110442
0 0.959677 0.796185 0.077957 0.271084
0 0.961022 0.238956 0.075269 0.277108
0 0.508065 0.101406 0.137097 0.094378
