0 0.433468 0.524096 0.232527 0.333333
0 0.619624 0.203815 0.196237 0.295181
0 0.485887 0.232932 0.192204 0.281124
0 0.895833 0.274096 0.202957 0.311245
0 0.766801 0.497992 0.192204 0.325301
0 0.903898 0.775100 0.189516 0.317269
0 0.620968 0.723896 0.215054 0.275100
0 0.425403 0.935743 0.208333 0.124498
0 0.209005 0.743976 0.208333 0.327309
0 0.092742 0.627510 0.182796 0.291165
0 0.091398 0.910643 0.172043 0.170683
0 0.230511 0.220884 0.189516 0.281124
0 0.029570 0.274096 0.059140 0.295181
0 0.102823 0.088353 0.143817 0.072289
0 0.420699 0.082329 0.126344 0.056225
