0 0.353495 0.298193 0.177419 0.275100
0 0.424059 0.470884 0.165323 0.303213
0 0.559812 0.473896 0.184140 0.297189
0 0.675403 0.285141 0.200269 0.297189
0 0.852823 0.549197 0.176075 0.291165
0 0.797043 0.868474 0.220430 0.255020
0 0.368952 0.805221 0.205645 0.281124
0 0.143817 0.548193 0.185484 0.289157
0 0.071237 0.451807 0.131720 0.321285
0 0.055780 0.770080 0.108871 0.275100
0 0.840054 0.139558 0.177419 0.162651
0 0.149194 0.102410 0.118280 0.096386
0 0.174059 0.946787 0.168011 0.098394
0 0.500672 0.949799 0.184140 0.096386
0 0.959677 0.783133 0.075269 0.244980
0 0.965726 0.226908 0.065860 0.253012
