0 0.178763 0.284137 0.180108 0.267068
0 0.349462 0.417671 0.182796 0.345382
0 0.484543 0.246988 0.200269 0.285141
0 0.844086 0.215863 0.196237 0.299197
0 0.666667 0.503012 0.209677 0.315261
0 0.843414 0.745984 0.184140 0.271084
0 0.940188 0.472892 0.116935 0.287149
0 0.607527 0.867470 0.223118 0.257028
0 0.314516 0.929719 0.190860 0.128514
0 0.176075 0.783133 0.196237 0.265060
0 0.658602 0.121486 0.153226 0.130522
0 0.046371 0.945783 0.090054 0.100402
0 0.964382 0.923695 0.065860 0.148594
0 0.034946 0.504016 0.064516 0.192771
