0 0.088710 0.123494 0.169355 0.134538
0 0.427419 0.113454 0.185484 0.114458
0 0.534946 0.182731 0.174731 0.216867
0 0.550403 0.388554 0.237903 0.255020
0 0.424059 0.551205 0.227151 0.355422
0 0.252688 0.270080 0.223118 0.295181
0 0.101478 0.598394 0.194892 0.289157
0 0.273522 0.776104 0.219086 0.291165
0 0.576613 0.856426 0.198925 0.263052
0 0.769489 0.548193 0.184140 0.301205
0 0.918011 0.453815 0.158602 0.293173
0 0.894489 0.800201 0.197581 0.275100
0 0.778226 0.125502 0.198925 0.134538
0 0.755376 0.945783 0.177419 0.092369
