0 0.461694 0.439759 0.173387 0.257028
0 0.620968 0.239960 0.166667 0.230924
0 0.846102 0.218876 0.141129 0.208835
1 0.943548 0.210843 0.104839 0.228916
0 0.779570 0.518072 0.145161 0.220884
0 0.715054 0.828313 0.137097 0.190763
1 0.944892 0.743976 0.104839 0.251004
0 0.309812 0.772088 0.157258 0.238956
0 0.079301 0.510040 0.145161 0.212851
0 0.302419 0.263052 0.147849 0.212851
1 0.117608 0.947791 0.159946 0.092369
1 0.447581 0.946787 0.161290 0.102410
0 0.750672 0.931727 0.159946 0.124498
1 0.028226 0.372490 0.053763 0.158635
