0 0.471102 0.292169 0.154570 0.230924
0 0.617608 0.203815 0.138441 0.218876
0 0.815860 0.399598 0.118280 0.220884
0 0.678763 0.632530 0.137097 0.224900
0 0.502688 0.829317 0.163978 0.192771
0 0.333333 0.632530 0.153226 0.240964
0 0.103495 0.870482 0.150538 0.210843
1 0.038978 0.735944 0.075269 0.190763
0 0.118952 0.335341 0.151882 0.204819
0 0.317204 0.128514 0.150538 0.136546
0 0.806452 0.874498 0.147849 0.202811
1 0.960349 0.572289 0.076613 0.228916
1 0.035618 0.118474 0.071237 0.124498
0 0.688844 0.117470 0.143817 0.122490
1 0.969758 0.114458 0.055108 0.108434
