0 0.431452 0.327309 0.193548 0.293173
1 0.629032 0.155622 0.212366 0.190763
0 0.778226 0.390562 0.177419 0.315261
0 0.628360 0.486948 0.186828 0.259036
0 0.641801 0.678715 0.202957 0.253012
0 0.768817 0.881526 0.177419 0.216867
0 0.929435 0.615462 0.133065 0.311245
0 0.294355 0.649598 0.193548 0.283133
0 0.469758 0.848394 0.194892 0.238956
0 0.106855 0.873494 0.194892 0.236948
0 0.090054 0.360442 0.163978 0.283133
1 0.278226 0.151606 0.172043 0.194779
1 0.932124 0.177711 0.133065 0.246988
1 0.422043 0.106426 0.190860 0.100402
