0 0.358871 0.296185 0.180108 0.267068
0 0.452957 0.601406 0.182796 0.263052
0 0.529570 0.475904 0.204301 0.297189
0 0.675403 0.292169 0.216398 0.307229
0 0.842070 0.553213 0.186828 0.295181
1 0.800403 0.873494 0.248656 0.248996
0 0.364919 0.807229 0.192204 0.261044
0 0.137097 0.544177 0.201613 0.281124
1 0.071237 0.410643 0.139785 0.275100
1 0.055108 0.753012 0.107527 0.277108
1 0.841398 0.137550 0.204301 0.154618
1 0.143817 0.104418 0.161290 0.096386
1 0.515457 0.952811 0.200269 0.090361
1 0.178091 0.951807 0.170699 0.088353
1 0.966398 0.237952 0.059140 0.271084
1 0.504704 0.085341 0.108871 0.062249
