0 0.544355 0.333333 0.217742 0.345382
0 0.402554 0.550201 0.240591 0.325301
0 0.569892 0.834337 0.217742 0.246988
0 0.872984 0.790161 0.197581 0.259036
0 0.747984 0.531124 0.186828 0.287149
1 0.904570 0.466867 0.185484 0.335341
0 0.829301 0.190763 0.228495 0.269076
1 0.097446 0.592369 0.189516 0.281124
0 0.244624 0.742972 0.190860 0.305221
0 0.220430 0.250000 0.193548 0.311245
1 0.079973 0.115462 0.154570 0.118474
1 0.727151 0.951807 0.190860 0.092369
1 0.418683 0.096386 0.170699 0.080321
1 0.082661 0.969880 0.146505 0.052209
