0 0.299059 0.452811 0.219086 0.291165
0 0.605511 0.528112 0.216398 0.297189
0 0.444220 0.240964 0.205645 0.301205
0 0.136425 0.297189 0.202957 0.297189
0 0.138441 0.794177 0.193548 0.279116
1 0.555780 0.874498 0.259409 0.242972
0 0.799059 0.761044 0.211022 0.309237
1 0.917339 0.489960 0.162634 0.273092
0 0.784946 0.224900 0.201613 0.329317
1 0.932796 0.204819 0.129032 0.293173
1 0.268145 0.939759 0.165323 0.108434
1 0.581989 0.130522 0.196237 0.148594
1 0.939516 0.930723 0.118280 0.134538
1 0.272177 0.090361 0.133065 0.068273
