0 0.456989 0.433735 0.215054 0.297189
0 0.599462 0.243976 0.231183 0.327309
0 0.764785 0.513052 0.177419 0.295181
0 0.691532 0.839357 0.176075 0.240964
1 0.741263 0.922691 0.178763 0.146586
0 0.288306 0.769076 0.176075 0.269076
1 0.434140 0.937751 0.177419 0.120482
1 0.092070 0.930723 0.176075 0.134538
1 0.082661 0.515060 0.162634 0.323293
0 0.282258 0.263052 0.196237 0.265060
0 0.260753 0.443775 0.174731 0.269076
1 0.920027 0.207831 0.157258 0.291165
1 0.920027 0.736948 0.154570 0.289157
1 0.752016 0.125502 0.162634 0.134538
