0 0.352151 0.305221 0.201613 0.285141
0 0.440188 0.453815 0.200269 0.285141
0 0.551075 0.472892 0.225806 0.303213
0 0.670027 0.293173 0.229839 0.369478
0 0.842070 0.532129 0.205645 0.325301
0 0.790323 0.862450 0.263441 0.263052
0 0.360887 0.797189 0.202957 0.305221
0 0.130376 0.549197 0.220430 0.355422
1 0.060484 0.762048 0.118280 0.299197
1 0.836022 0.144578 0.241935 0.184739
1 0.131048 0.103414 0.159946 0.098394
1 0.514113 0.948795 0.216398 0.094378
1 0.182124 0.950803 0.200269 0.094378
1 0.959005 0.231928 0.079301 0.299197
1 0.958333 0.801205 0.080645 0.293173
