0 0.393145 0.421687 0.143817 0.244980
0 0.239247 0.260040 0.147849 0.230924
1 0.042339 0.483936 0.081989 0.204819
0 0.241935 0.767068 0.150538 0.244980
1 0.379032 0.941767 0.153226 0.108434
1 0.065860 0.936747 0.129032 0.118474
0 0.645833 0.833333 0.130376 0.184739
0 0.686156 0.929719 0.143817 0.128514
0 0.903226 0.742972 0.147849 0.236948
0 0.895161 0.198795 0.158602 0.232932
0 0.711694 0.509036 0.141129 0.242972
0 0.536290 0.223896 0.137097 0.222892
0 0.614919 0.200803 0.133065 0.228916
0 0.967070 0.458835 0.057796 0.210843
