0 0.350806 0.291165 0.190860 0.289157
0 0.671371 0.291165 0.232527 0.309237
0 0.531586 0.459839 0.221774 0.297189
0 0.489247 0.599398 0.182796 0.279116
0 0.358199 0.797189 0.197581 0.281124
0 0.127688 0.548193 0.220430 0.301205
1 0.072581 0.419679 0.142473 0.265060
1 0.842742 0.148594 0.204301 0.176707
0 0.848790 0.544177 0.194892 0.293173
1 0.796371 0.872490 0.251344 0.246988
1 0.062500 0.763052 0.122312 0.285141
1 0.147177 0.105422 0.170699 0.098394
1 0.182796 0.955823 0.166667 0.080321
1 0.510081 0.955823 0.197581 0.080321
1 0.962366 0.223896 0.069892 0.295181
0 0.955645 0.786145 0.083333 0.275100
1 0.487231 0.091365 0.081989 0.070281
