0 0.772177 0.560241 0.205645 0.297189
0 0.904570 0.807229 0.180108 0.248996
0 0.429435 0.548193 0.213710 0.285141
0 0.605511 0.740964 0.168011 0.240964
0 0.202957 0.805221 0.217742 0.317269
0 0.100134 0.652610 0.178763 0.301205
0 0.077957 0.939759 0.145161 0.108434
0 0.209677 0.242972 0.155914 0.261044
0 0.570565 0.217871 0.229839 0.315261
0 0.891129 0.305221 0.206989 0.317269
0 0.399866 0.096386 0.176075 0.080321
0 0.030914 0.294177 0.061828 0.238956
0 0.760753 0.099398 0.118280 0.090361
0 0.078629 0.100402 0.154570 0.088353
0 0.423387 0.961847 0.190860 0.068273
