0 0.348118 0.634538 0.204301 0.285141
0 0.524866 0.829317 0.192204 0.216867
0 0.689516 0.636546 0.193548 0.317269
0 0.826613 0.862450 0.182796 0.259036
0 0.827957 0.386546 0.215054 0.339357
0 0.485215 0.292169 0.228495 0.319277
0 0.234543 0.300201 0.173387 0.303213
0 0.122312 0.333333 0.182796 0.281124
0 0.332661 0.136546 0.154570 0.160643
0 0.687500 0.141566 0.219086 0.170683
0 0.132392 0.854418 0.216398 0.287149
0 0.062500 0.717871 0.122312 0.275100
0 0.953629 0.570281 0.090054 0.273092
0 0.956317 0.125502 0.084677 0.142570
0 0.047715 0.143574 0.087366 0.170683
