0 0.239247 0.546185 0.196237 0.269076
0 0.553763 0.619478 0.209677 0.299197
0 0.863575 0.569277 0.189516 0.271084
0 0.725134 0.319277 0.194892 0.285141
0 0.899194 0.226908 0.180108 0.273092
0 0.375000 0.349398 0.188172 0.257028
0 0.083333 0.369478 0.163978 0.261044
0 0.074597 0.865462 0.149194 0.261044
0 0.491935 0.898594 0.252688 0.190763
0 0.734543 0.828313 0.173387 0.287149
0 0.226478 0.122490 0.211022 0.124498
0 0.411290 0.158635 0.209677 0.208835
0 0.548387 0.154618 0.177419 0.188755
0 0.899866 0.955823 0.165323 0.080321
