0 0.973118 0.387550 0.051075 0.192771
0 0.438844 0.921687 0.200269 0.148594
0 0.067204 0.896586 0.131720 0.198795
0 0.205645 0.157631 0.220430 0.206827
0 0.524866 0.179719 0.176075 0.242972
0 0.399194 0.157631 0.147849 0.202811
0 0.698925 0.378514 0.185484 0.295181
0 0.883737 0.280120 0.194892 0.303213
0 0.840054 0.632530 0.188172 0.297189
0 0.708333 0.872490 0.193548 0.251004
0 0.545027 0.689759 0.245968 0.283133
0 0.356183 0.393574 0.182796 0.325301
0 0.213710 0.611446 0.209677 0.287149
0 0.075941 0.432731 0.151882 0.275100
