0 0.222446 0.232932 0.227151 0.293173
0 0.530242 0.313253 0.219086 0.248996
0 0.497312 0.165663 0.204301 0.214859
0 0.893817 0.404618 0.198925 0.291165
0 0.738575 0.509036 0.181452 0.311245
0 0.865591 0.762048 0.182796 0.287149
0 0.559812 0.814257 0.232527 0.251004
0 0.391801 0.507028 0.229839 0.347390
0 0.246640 0.736948 0.219086 0.281124
0 0.083333 0.553213 0.161290 0.271084
0 0.073253 0.110442 0.138441 0.104418
0 0.728495 0.927711 0.174731 0.128514
0 0.086694 0.952811 0.168011 0.082329
0 0.749328 0.101406 0.170699 0.090361
